0 -- (80.0, 0.0, -95.0) -- (0.0, 0.5, 0.0, 0.9)
20 -- (80.0, 0.0, -95.0) -- (0.0, 0.5, 0.0, 0.9)
353,3333 -- (80.0, 0.0, -95.0) -- (0.0, 0.5, 0.0, 0.9)
413,1405 -- (80.0, 0.0, -95.0) -- (0.0, 0.5, 0.0, 0.9)
429,5992 -- (80.0, 0.0, -95.0) -- (0.0, 0.5, 0.0, 0.9)
442,0656 -- (80.0, 0.0, -95.0) -- (0.0, 0.5, 0.0, 0.9)
455,3349 -- (80.0, 0.0, -95.0) -- (0.0, 0.5, 0.0, 0.9)
469,1566 -- (80.0, 0.0, -95.0) -- (0.0, 0.5, 0.0, 0.9)
502,6199 -- (80.0, 0.0, -95.0) -- (0.0, 0.5, 0.0, 0.9)
517,241 -- (80.0, 0.0, -95.0) -- (0.0, 0.5, 0.0, 0.9)
532,0446 -- (80.0, 0.0, -95.0) -- (0.0, 0.5, 0.0, 0.9)
544,5637 -- (80.0, 0.0, -95.0) -- (0.0, 0.5, 0.0, 0.9)
557,5956 -- (80.0, 0.0, -95.0) -- (0.0, 0.5, 0.0, 0.9)
572,5536 -- (80.0, 0.0, -95.0) -- (0.0, 0.5, 0.0, 0.9)
587,5269 -- (80.0, 0.0, -95.0) -- (0.0, 0.5, 0.0, 0.9)
601,6129 -- (80.0, 0.0, -95.0) -- (0.0, 0.5, 0.0, 0.9)
616,1339 -- (80.0, 0.0, -95.0) -- (0.0, 0.5, 0.0, 0.9)
629,4156 -- (80.0, 0.0, -95.0) -- (0.0, 0.5, 0.0, 0.9)
690,9404 -- (80.0, 0.0, -95.0) -- (0.0, 0.5, 0.0, 0.9)
708,4671 -- (80.0, 0.0, -95.0) -- (0.0, 0.5, 0.0, 0.9)
721,2407 -- (80.0, 0.0, -95.0) -- (0.0, 0.5, 0.0, 0.9)
735,0612 -- (80.0, 0.0, -95.0) -- (0.0, 0.5, 0.0, 0.9)
746,9658 -- (80.0, 0.0, -95.0) -- (0.0, 0.5, 0.0, 0.9)
759,8915 -- (80.0, 0.0, -95.0) -- (0.0, 0.5, 0.0, 0.9)
774,0059 -- (80.0, 0.0, -95.0) -- (0.0, 0.5, 0.0, 0.9)
788,2529 -- (80.0, 0.0, -95.0) -- (0.0, 0.5, 0.0, 0.9)
825,452 -- (80.0, 0.0, -95.0) -- (0.0, 0.5, 0.0, 0.9)
840,0579 -- (80.0, 0.0, -95.0) -- (0.0, 0.5, 0.0, 0.9)
853,5848 -- (80.0, 0.0, -95.0) -- (0.0, 0.5, 0.0, 0.9)
862,4765 -- (80.0, 0.0, -95.0) -- (0.0, 0.5, 0.0, 0.9)
873,2012 -- (80.0, 0.0, -95.0) -- (0.0, 0.5, 0.0, 0.9)
881,1827 -- (80.0, 0.0, -95.0) -- (0.0, 0.5, 0.0, 0.9)
890,981 -- (80.0, 0.0, -95.0) -- (0.0, 0.5, 0.0, 0.9)
899,1718 -- (80.0, 0.0, -95.0) -- (0.0, 0.5, 0.0, 0.9)
909,3615 -- (80.0, 0.0, -95.0) -- (0.0, 0.5, 0.0, 0.9)
928,6429 -- (80.0, 0.1, -95.0) -- (0.0, 0.5, 0.0, 0.9)
939,1312 -- (80.0, 0.1, -95.0) -- (0.0, 0.5, 0.0, 0.9)
970,8137 -- (80.0, 0.1, -95.0) -- (0.0, 0.5, 0.0, 0.9)
980,9193 -- (80.0, 0.1, -95.0) -- (0.0, 0.5, 0.0, 0.9)
991,6978 -- (80.0, 0.1, -95.0) -- (0.0, 0.5, 0.0, 0.9)
1000,152 -- (80.0, 0.1, -95.0) -- (0.0, 0.5, 0.0, 0.9)
1009,377 -- (80.0, 0.1, -95.0) -- (0.0, 0.5, 0.0, 0.9)
1017,173 -- (80.0, 0.1, -95.0) -- (0.0, 0.5, 0.0, 0.9)
1025,902 -- (80.0, 0.1, -95.0) -- (0.0, 0.5, 0.0, 0.9)
1034,899 -- (80.0, 0.1, -95.0) -- (0.0, 0.5, 0.0, 0.9)
1043,933 -- (80.0, 0.1, -95.0) -- (0.0, 0.5, 0.0, 0.9)
1053,223 -- (80.0, 0.1, -95.0) -- (0.0, 0.5, 0.0, 0.9)
1061,287 -- (80.0, 0.1, -95.0) -- (0.0, 0.5, 0.0, 0.9)
1071,008 -- (80.0, 0.1, -95.0) -- (0.0, 0.5, 0.0, 0.9)
1079,453 -- (80.0, 0.1, -95.0) -- (0.0, 0.5, 0.0, 0.9)
1089,609 -- (80.0, 0.1, -95.0) -- (0.0, 0.5, 0.0, 0.9)
1121,215 -- (80.0, 0.1, -95.0) -- (0.0, 0.5, 0.0, 0.9)
1132,818 -- (80.0, 0.1, -95.0) -- (0.0, 0.5, 0.0, 0.9)
1141,494 -- (80.0, 0.1, -95.0) -- (0.0, 0.5, 0.0, 0.9)
1152,48 -- (80.0, 0.1, -95.0) -- (0.0, 0.5, 0.0, 0.9)
1160,849 -- (80.0, 0.1, -95.0) -- (0.0, 0.5, 0.0, 0.9)
1172,619 -- (80.0, 0.1, -95.0) -- (0.0, 0.5, 0.0, 0.9)
1181,68 -- (80.0, 0.1, -95.0) -- (0.0, 0.5, 0.0, 0.9)
1191,672 -- (80.0, 0.1, -95.0) -- (0.0, 0.5, 0.0, 0.9)
1200,295 -- (80.0, 0.1, -95.0) -- (0.0, 0.5, 0.0, 0.9)
1211,397 -- (80.0, 0.1, -95.0) -- (0.0, 0.5, 0.0, 0.9)
1220,132 -- (80.0, 0.1, -95.0) -- (0.0, 0.5, 0.0, 0.9)
1231,479 -- (80.0, 0.1, -95.0) -- (0.0, 0.5, 0.0, 0.9)
1240,288 -- (80.0, 0.1, -95.0) -- (0.0, 0.5, 0.0, 0.9)
1270,913 -- (80.0, 0.1, -95.0) -- (0.0, 0.5, 0.0, 0.9)
1279,733 -- (80.0, 0.1, -95.0) -- (0.0, 0.5, 0.0, 0.9)
1289,558 -- (80.0, 0.1, -95.0) -- (0.0, 0.5, 0.0, 0.9)
1297,984 -- (80.0, 0.1, -95.0) -- (0.0, 0.5, 0.0, 0.9)
1306,738 -- (80.0, 0.1, -95.0) -- (0.0, 0.5, 0.0, 0.9)
1315,482 -- (80.0, 0.1, -95.0) -- (0.0, 0.5, 0.0, 0.9)
1324,575 -- (80.0, 0.1, -95.0) -- (0.0, 0.5, 0.0, 0.9)
1333,589 -- (80.0, 0.1, -95.0) -- (0.0, 0.5, 0.0, 0.9)
1341,073 -- (80.0, 0.1, -95.0) -- (0.0, 0.5, 0.0, 0.9)
1351,472 -- (80.0, 0.1, -95.0) -- (0.0, 0.5, 0.0, 0.9)
1360,419 -- (80.0, 0.1, -95.0) -- (0.0, 0.5, 0.0, 0.9)
1370,179 -- (80.0, 0.1, -95.0) -- (0.0, 0.5, 0.0, 0.9)
1378,066 -- (80.0, 0.1, -95.0) -- (0.0, 0.5, 0.0, 0.9)
1386,614 -- (80.0, 0.1, -95.0) -- (0.0, 0.5, 0.0, 0.9)
1397,032 -- (80.0, 0.1, -95.0) -- (0.0, 0.5, 0.0, 0.9)
1432,097 -- (80.0, 0.1, -95.0) -- (0.0, 0.5, 0.0, 0.9)
1443,387 -- (80.0, 0.1, -95.0) -- (0.0, 0.5, 0.0, 0.9)
1454,635 -- (80.0, 0.1, -95.0) -- (0.0, 0.5, 0.0, 0.9)
1464,208 -- (80.0, 0.1, -95.0) -- (0.0, 0.5, 0.0, 0.9)
1477,584 -- (80.0, 0.1, -95.0) -- (0.0, 0.5, 0.0, 0.9)
1488,312 -- (80.0, 0.1, -95.0) -- (0.0, 0.5, 0.0, 0.9)
1499,043 -- (80.0, 0.1, -95.0) -- (0.0, 0.5, 0.0, 0.9)
1510,548 -- (80.0, 0.1, -95.0) -- (0.0, 0.5, 0.0, 0.9)
1520,819 -- (80.0, 0.1, -95.0) -- (0.0, 0.5, 0.0, 0.9)
1532,453 -- (80.0, 0.1, -95.0) -- (0.0, 0.5, 0.0, 0.9)
1541,484 -- (80.0, 0.1, -95.0) -- (0.0, 0.5, 0.0, 0.9)
1553,168 -- (80.0, 0.1, -95.0) -- (0.0, 0.5, 0.0, 0.9)
1588,104 -- (80.0, 0.1, -95.0) -- (0.0, 0.5, 0.0, 0.9)
1606,566 -- (80.0, 0.1, -95.0) -- (0.0, 0.5, 0.0, 0.9)
1621,281 -- (80.0, 0.1, -95.0) -- (0.0, 0.5, 0.0, 0.9)
1636,482 -- (80.0, 0.1, -95.0) -- (0.0, 0.5, 0.0, 0.9)
1650,295 -- (80.0, 0.1, -95.0) -- (0.0, 0.5, 0.0, 0.9)
1663,27 -- (80.0, 0.1, -95.0) -- (0.0, 0.5, 0.0, 0.9)
1677,755 -- (80.0, 0.1, -95.0) -- (0.0, 0.5, 0.0, 0.9)
1690,81 -- (80.0, 0.1, -95.0) -- (0.0, 0.5, 0.0, 0.9)
1704,382 -- (80.0, 0.1, -95.0) -- (0.0, 0.5, 0.0, 0.9)
1739,899 -- (80.0, 0.1, -95.0) -- (0.0, 0.5, 0.0, 0.9)
1755,45 -- (80.0, 0.1, -95.0) -- (0.0, 0.5, 0.0, 0.9)
1772,138 -- (80.0, 0.1, -95.0) -- (0.0, 0.5, 0.0, 0.9)
1788,382 -- (80.0, 0.1, -95.0) -- (0.0, 0.5, 0.0, 0.9)
1802,008 -- (80.0, 0.1, -95.0) -- (0.0, 0.5, 0.0, 0.9)
1817,019 -- (80.0, 0.1, -95.0) -- (0.0, 0.5, 0.0, 0.9)
1829,608 -- (80.0, 0.1, -95.0) -- (0.0, 0.5, 0.0, 0.9)
1838,703 -- (80.0, 0.1, -95.0) -- (0.0, 0.5, 0.0, 0.9)
1847,679 -- (80.0, 0.1, -95.0) -- (0.0, 0.5, 0.0, 0.9)
1857,154 -- (80.0, 0.1, -95.0) -- (0.0, 0.5, 0.0, 0.9)
1886,228 -- (80.0, 0.1, -95.0) -- (0.0, 0.5, 0.0, 0.9)
1895,69 -- (80.0, 0.1, -95.0) -- (0.0, 0.5, 0.0, 0.9)
1903,773 -- (80.0, 0.1, -95.0) -- (0.0, 0.5, 0.0, 0.9)
1913,258 -- (80.0, 0.1, -95.0) -- (0.0, 0.5, 0.0, 0.9)
1921,771 -- (80.0, 0.1, -95.0) -- (0.0, 0.5, 0.0, 0.9)
1931,814 -- (80.0, 0.1, -95.0) -- (0.0, 0.5, 0.0, 0.9)
1939,247 -- (80.0, 0.1, -95.0) -- (0.0, 0.5, 0.0, 0.9)
1949,375 -- (80.0, 0.1, -95.0) -- (0.0, 0.5, 0.0, 0.9)
1957,705 -- (80.0, 0.1, -95.0) -- (0.0, 0.5, 0.0, 0.9)
1967,154 -- (80.0, 0.1, -95.0) -- (0.0, 0.5, 0.0, 0.9)
1978,201 -- (80.0, 0.1, -95.0) -- (0.0, 0.5, 0.0, 0.9)
1993,215 -- (80.0, 0.1, -95.0) -- (0.0, 0.5, 0.0, 0.9)
2008,213 -- (80.0, 0.1, -95.0) -- (0.0, 0.5, 0.0, 0.9)
2043,561 -- (80.0, 0.1, -95.0) -- (0.0, 0.5, 0.0, 0.9)
2057,372 -- (80.0, 0.1, -95.0) -- (0.0, 0.5, 0.0, 0.9)
2069,44 -- (80.0, 0.1, -95.0) -- (0.0, 0.5, 0.0, 0.9)
2078,585 -- (80.0, 0.1, -95.0) -- (0.0, 0.5, 0.0, 0.9)
2088,004 -- (80.0, 0.1, -95.0) -- (0.0, 0.5, 0.0, 0.9)
2096,827 -- (80.0, 0.1, -95.0) -- (0.0, 0.5, 0.0, 0.9)
2105,066 -- (80.0, 0.1, -94.9) -- (0.0, 0.5, 0.0, 0.9)
2114,352 -- (80.0, 0.1, -94.9) -- (0.0, 0.5, 0.0, 0.9)
2123,273 -- (80.0, 0.1, -95.0) -- (0.0, 0.5, 0.0, 0.9)
2133,272 -- (80.0, 0.1, -95.0) -- (0.0, 0.5, 0.0, 0.9)
2142,294 -- (80.0, 0.1, -94.9) -- (0.0, 0.5, 0.0, 0.9)
2153,529 -- (80.0, 0.1, -94.9) -- (0.0, 0.5, 0.0, 0.9)
2163,674 -- (80.0, 0.1, -95.0) -- (0.0, 0.5, 0.0, 0.9)
2199,34 -- (80.0, 0.1, -94.9) -- (0.0, 0.5, 0.0, 0.9)
2211,492 -- (80.0, 0.1, -95.0) -- (0.0, 0.5, 0.0, 0.9)
2220,142 -- (80.0, 0.1, -94.9) -- (0.0, 0.5, 0.0, 0.9)
2231,566 -- (80.0, 0.1, -94.9) -- (0.0, 0.5, 0.0, 0.9)
2239,253 -- (80.0, 0.1, -94.9) -- (0.0, 0.5, 0.0, 0.9)
2247,825 -- (80.0, 0.1, -95.0) -- (0.0, 0.5, 0.0, 0.9)
2256,563 -- (80.0, 0.1, -95.0) -- (0.0, 0.5, 0.0, 0.9)
2265,786 -- (80.0, 0.1, -94.9) -- (0.0, 0.5, 0.0, 0.9)
2275,11 -- (80.0, 0.1, -94.9) -- (0.0, 0.5, 0.0, 0.9)
2284,274 -- (80.0, 0.1, -94.9) -- (0.0, 0.5, 0.0, 0.9)
2293,899 -- (80.0, 0.1, -94.9) -- (0.0, 0.5, 0.0, 0.9)
2301,614 -- (80.0, 0.1, -94.9) -- (0.0, 0.5, 0.0, 0.9)
2311,414 -- (80.0, 0.1, -94.9) -- (0.0, 0.5, 0.0, 0.9)
2319,951 -- (80.0, 0.1, -94.9) -- (0.0, 0.5, 0.0, 0.9)
2350,044 -- (80.0, 0.1, -94.9) -- (0.0, 0.5, 0.0, 0.9)
2368,661 -- (80.0, 0.1, -94.9) -- (0.0, 0.5, 0.0, 0.9)
2386,645 -- (80.0, 0.1, -94.9) -- (0.0, 0.5, 0.0, 0.9)
2397,06 -- (80.0, 0.1, -94.9) -- (0.0, 0.5, 0.0, 0.9)
2405,758 -- (80.0, 0.1, -94.9) -- (0.0, 0.5, 0.0, 0.9)
2415,519 -- (80.0, 0.1, -94.9) -- (0.0, 0.5, 0.0, 0.9)
2424,315 -- (80.0, 0.1, -94.9) -- (0.0, 0.5, 0.0, 0.9)
2434,174 -- (80.0, 0.1, -94.9) -- (0.0, 0.5, 0.0, 0.9)
2442,297 -- (80.0, 0.1, -94.9) -- (0.0, 0.5, 0.0, 0.9)
2453,777 -- (80.0, 0.1, -94.9) -- (0.0, 0.5, 0.0, 0.9)
2463,486 -- (80.0, 0.1, -94.9) -- (0.0, 0.5, 0.0, 0.9)
2474,86 -- (80.0, 0.1, -94.9) -- (0.0, 0.5, 0.0, 0.9)
2513,308 -- (80.0, 0.1, -94.9) -- (0.0, 0.5, 0.0, 0.9)
2527,157 -- (80.0, 0.1, -94.9) -- (0.0, 0.5, 0.0, 0.9)
2546,866 -- (80.0, 0.1, -94.9) -- (0.0, 0.5, 0.0, 0.9)
2559,626 -- (80.0, 0.1, -94.9) -- (0.0, 0.5, 0.0, 0.9)
2572,467 -- (80.0, 0.1, -94.9) -- (0.0, 0.5, 0.0, 0.9)
2584,576 -- (80.0, 0.1, -94.9) -- (0.0, 0.5, 0.0, 0.9)
2598,274 -- (80.0, 0.1, -94.9) -- (0.0, 0.5, 0.0, 0.9)
2610,142 -- (80.0, 0.1, -94.9) -- (0.0, 0.5, 0.0, 0.9)
2625,248 -- (80.0, 0.1, -94.9) -- (0.0, 0.5, 0.0, 0.9)
2660,611 -- (80.0, 0.1, -94.9) -- (0.0, 0.5, 0.0, 0.9)
2672,922 -- (80.0, 0.1, -94.9) -- (0.0, 0.5, 0.0, 0.9)
2681,709 -- (80.0, 0.1, -94.9) -- (0.0, 0.5, 0.0, 0.9)
2692,561 -- (80.0, 0.1, -94.9) -- (0.0, 0.5, 0.0, 0.9)
2702,606 -- (80.0, 0.1, -94.9) -- (0.0, 0.5, 0.0, 0.9)
2715,243 -- (80.0, 0.1, -94.9) -- (0.0, 0.5, 0.0, 0.9)
2725,073 -- (80.0, 0.1, -94.9) -- (0.0, 0.5, 0.0, 0.9)
2736,915 -- (80.0, 0.1, -94.9) -- (0.0, 0.5, 0.0, 0.9)
2749,883 -- (80.0, 0.1, -94.9) -- (0.0, 0.5, 0.0, 0.9)
2760,742 -- (80.0, 0.1, -94.9) -- (0.0, 0.5, 0.0, 0.9)
2771,677 -- (80.0, 0.1, -94.9) -- (0.0, 0.5, 0.0, 0.9)
2780,095 -- (80.0, 0.1, -94.9) -- (0.0, 0.5, 0.0, 0.9)
2814,496 -- (80.0, 0.1, -94.9) -- (0.0, 0.5, 0.0, 0.9)
2824,551 -- (80.0, 0.1, -94.9) -- (0.0, 0.5, 0.0, 0.9)
2836,61 -- (80.0, 0.1, -94.9) -- (0.0, 0.5, 0.0, 0.9)
2847,503 -- (80.0, 0.1, -94.9) -- (0.0, 0.5, 0.0, 0.9)
2859,542 -- (80.0, 0.1, -94.9) -- (0.0, 0.5, 0.0, 0.9)
2871,187 -- (80.0, 0.1, -94.9) -- (0.0, 0.5, 0.0, 0.9)
2880,378 -- (80.0, 0.1, -94.9) -- (0.0, 0.5, 0.0, 0.9)
2890,206 -- (80.0, 0.1, -94.9) -- (0.0, 0.5, 0.0, 0.9)
2898,668 -- (80.0, 0.1, -94.9) -- (0.0, 0.5, 0.0, 0.9)
2908,008 -- (80.0, 0.1, -94.9) -- (0.0, 0.5, 0.0, 0.9)
2917,648 -- (80.0, 0.1, -94.9) -- (0.0, 0.5, 0.0, 0.9)
2928,02 -- (80.0, 0.1, -94.9) -- (0.0, 0.5, 0.0, 0.9)
2937,578 -- (80.0, 0.1, -94.9) -- (0.0, 0.5, 0.0, 0.9)
2967,267 -- (80.0, 0.1, -94.9) -- (0.0, 0.5, 0.0, 0.9)
2976,438 -- (80.0, 0.1, -94.9) -- (0.0, 0.5, 0.0, 0.9)
2984,911 -- (80.0, 0.1, -94.9) -- (0.0, 0.5, 0.0, 0.9)
2998,26 -- (80.0, 0.1, -94.9) -- (0.0, 0.5, 0.0, 0.9)
3007,25 -- (80.0, 0.1, -94.9) -- (0.0, 0.5, 0.0, 0.9)
3016,412 -- (80.0, 0.1, -94.9) -- (0.0, 0.5, 0.0, 0.9)
3024,936 -- (80.0, 0.1, -94.9) -- (0.0, 0.5, 0.0, 0.9)
3034,566 -- (80.0, 0.1, -94.9) -- (0.0, 0.5, 0.0, 0.9)
3043,091 -- (80.0, 0.1, -94.9) -- (0.0, 0.5, 0.0, 0.9)
3052,724 -- (80.0, 0.1, -94.9) -- (0.0, 0.5, 0.0, 0.9)
3060,928 -- (80.0, 0.1, -94.9) -- (0.0, 0.5, 0.0, 0.9)
3071,02 -- (80.0, 0.1, -94.9) -- (0.0, 0.5, 0.0, 0.9)
3079,034 -- (80.0, 0.1, -94.9) -- (0.0, 0.5, 0.0, 0.9)
3088,366 -- (80.0, 0.1, -94.9) -- (0.0, 0.5, 0.0, 0.9)
3120,25 -- (80.0, 0.1, -94.9) -- (0.0, 0.5, 0.0, 0.9)
3133,752 -- (80.0, 0.1, -94.9) -- (0.0, 0.5, 0.0, 0.9)
3141,313 -- (80.0, 0.1, -94.9) -- (0.0, 0.5, 0.0, 0.9)
3151,463 -- (80.0, 0.1, -94.9) -- (0.0, 0.5, 0.0, 0.9)
3158,89 -- (80.0, 0.1, -94.9) -- (0.0, 0.5, 0.0, 0.9)
3168,112 -- (80.0, 0.1, -94.9) -- (0.0, 0.5, 0.0, 0.9)
3177,111 -- (80.0, 0.1, -94.9) -- (0.0, 0.5, 0.0, 0.9)
3185,592 -- (80.0, 0.1, -94.9) -- (0.0, 0.5, 0.0, 0.9)
3194,962 -- (80.0, 0.1, -94.9) -- (0.0, 0.5, 0.0, 0.9)
3203,875 -- (80.0, 0.1, -94.9) -- (0.0, 0.5, 0.0, 0.9)
3213,64 -- (80.0, 0.1, -94.9) -- (0.0, 0.5, 0.0, 0.9)
3221,552 -- (80.0, 0.1, -94.9) -- (0.0, 0.5, 0.0, 0.9)
3231,909 -- (80.0, 0.1, -94.9) -- (0.0, 0.5, 0.0, 0.9)
3240,369 -- (80.0, 0.1, -94.9) -- (0.0, 0.5, 0.0, 0.9)
3272,766 -- (79.9, 0.1, -94.9) -- (0.0, 0.5, 0.0, 0.9)
3281,836 -- (80.0, 0.1, -94.9) -- (0.0, 0.5, 0.0, 0.9)
3291,149 -- (80.0, 0.1, -94.9) -- (0.0, 0.5, 0.0, 0.9)
3298,792 -- (80.0, 0.1, -94.9) -- (0.0, 0.5, 0.0, 0.9)
3306,894 -- (79.9, 0.1, -94.9) -- (0.0, 0.5, 0.0, 0.9)
3315,742 -- (79.9, 0.1, -94.9) -- (0.0, 0.5, 0.0, 0.9)
3324,072 -- (80.0, 0.1, -94.9) -- (0.0, 0.5, 0.0, 0.9)
3333,054 -- (80.0, 0.1, -94.9) -- (0.0, 0.5, 0.0, 0.9)
3340,353 -- (79.9, 0.1, -94.9) -- (0.0, 0.5, 0.0, 0.9)
3349,944 -- (79.9, 0.1, -94.9) -- (0.0, 0.5, 0.0, 0.9)
3357,63 -- (79.9, 0.1, -94.9) -- (0.0, 0.5, 0.0, 0.9)
3366,197 -- (80.0, 0.1, -94.9) -- (0.0, 0.5, 0.0, 0.9)
3374,975 -- (80.0, 0.1, -94.9) -- (0.0, 0.5, 0.0, 0.9)
3382,658 -- (79.9, 0.1, -94.9) -- (0.0, 0.5, 0.0, 0.9)
3392,124 -- (79.9, 0.1, -94.9) -- (0.0, 0.5, 0.0, 0.9)
3420,079 -- (79.9, 0.1, -94.9) -- (0.0, 0.5, 0.0, 0.9)
3429,782 -- (79.9, 0.1, -94.9) -- (0.0, 0.5, 0.0, 0.9)
3437,072 -- (79.9, 0.1, -94.9) -- (0.0, 0.5, 0.0, 0.9)
3445,501 -- (79.9, 0.1, -94.9) -- (0.0, 0.5, 0.0, 0.9)
3454,198 -- (79.9, 0.1, -94.9) -- (0.0, 0.5, 0.0, 0.9)
3461,745 -- (79.9, 0.1, -94.9) -- (0.0, 0.5, 0.0, 0.9)
3472,009 -- (79.9, 0.1, -94.9) -- (0.0, 0.5, 0.0, 0.9)
3479,936 -- (79.9, 0.1, -94.9) -- (0.0, 0.5, 0.0, 0.9)
3488,816 -- (79.9, 0.1, -94.9) -- (0.0, 0.5, 0.0, 0.9)
3497,367 -- (79.9, 0.1, -94.9) -- (0.0, 0.5, 0.0, 0.9)
3506,48 -- (79.9, 0.1, -94.9) -- (0.0, 0.5, 0.0, 0.9)
3515,199 -- (79.9, 0.1, -94.9) -- (0.0, 0.5, 0.0, 0.9)
3523,173 -- (79.9, 0.1, -94.9) -- (0.0, 0.5, 0.0, 0.9)
3533,578 -- (79.9, 0.1, -94.9) -- (0.0, 0.5, 0.0, 0.9)
3541,331 -- (79.9, 0.1, -94.9) -- (0.0, 0.5, 0.0, 0.9)
3551,581 -- (79.9, 0.1, -94.9) -- (0.0, 0.5, 0.0, 0.9)
3579,483 -- (79.9, 0.1, -94.9) -- (0.0, 0.5, 0.0, 0.9)
3591,152 -- (79.9, 0.1, -94.9) -- (0.0, 0.5, 0.0, 0.9)
3599,916 -- (79.9, 0.1, -94.9) -- (0.0, 0.5, 0.0, 0.9)
3608,895 -- (79.9, 0.1, -94.9) -- (0.0, 0.5, 0.0, 0.9)
3618,083 -- (79.9, 0.1, -94.9) -- (0.0, 0.5, 0.0, 0.9)
3647,096 -- (79.9, 0.1, -94.9) -- (0.0, 0.5, 0.0, 0.9)
3669,308 -- (79.9, 0.1, -94.9) -- (0.0, 0.5, 0.0, 0.9)
3682,704 -- (79.9, 0.1, -94.9) -- (0.0, 0.5, 0.0, 0.9)
3697,3 -- (79.9, 0.1, -94.9) -- (0.0, 0.5, 0.0, 0.9)
3709,193 -- (79.9, 0.1, -94.9) -- (0.0, 0.5, 0.0, 0.9)
3758,3 -- (79.9, 0.1, -94.9) -- (0.0, 0.5, 0.0, 0.9)
3772,411 -- (79.9, 0.1, -94.9) -- (0.0, 0.5, 0.0, 0.9)
3781,965 -- (79.9, 0.1, -94.9) -- (0.0, 0.5, 0.0, 0.9)
3792,082 -- (79.9, 0.1, -94.9) -- (0.0, 0.5, 0.0, 0.9)
3799,851 -- (79.9, 0.1, -94.9) -- (0.0, 0.5, 0.0, 0.9)
3809,13 -- (79.9, 0.1, -94.9) -- (0.0, 0.5, 0.0, 0.9)
3826,721 -- (79.9, 0.1, -94.9) -- (0.0, 0.5, 0.0, 0.9)
3836,151 -- (79.9, 0.1, -94.9) -- (0.0, 0.5, 0.0, 0.9)
3845,48 -- (79.9, 0.1, -94.9) -- (0.0, 0.5, 0.0, 0.9)
3854,937 -- (79.9, 0.1, -94.9) -- (0.0, 0.5, 0.0, 0.9)
3865,606 -- (79.9, 0.1, -94.9) -- (0.0, 0.5, 0.0, 0.9)
3896,756 -- (79.9, 0.1, -94.9) -- (0.0, 0.5, 0.0, 0.9)
3906,458 -- (79.9, 0.1, -94.9) -- (0.0, 0.5, 0.0, 0.9)
3916,24 -- (79.9, 0.1, -94.9) -- (0.0, 0.5, 0.0, 0.9)
3929,074 -- (79.9, 0.1, -94.9) -- (0.0, 0.5, 0.0, 0.9)
3937,918 -- (79.9, 0.1, -94.9) -- (0.0, 0.5, 0.0, 0.9)
3946,759 -- (79.9, 0.1, -94.9) -- (0.0, 0.5, 0.0, 0.9)
3955,951 -- (79.9, 0.1, -94.9) -- (0.0, 0.5, 0.0, 0.9)
3964,789 -- (79.9, 0.1, -94.9) -- (0.0, 0.5, 0.0, 0.9)
3974,507 -- (79.9, 0.1, -94.9) -- (0.0, 0.5, 0.0, 0.9)
3982,846 -- (79.9, 0.1, -94.9) -- (0.0, 0.5, 0.0, 0.9)
3993,176 -- (79.9, 0.1, -94.9) -- (0.0, 0.5, 0.0, 0.9)
4001,432 -- (79.9, 0.1, -94.9) -- (0.0, 0.5, 0.0, 0.9)
4012,295 -- (79.9, 0.1, -94.9) -- (0.0, 0.5, 0.0, 0.9)
4021,335 -- (79.9, 0.1, -94.9) -- (0.0, 0.5, 0.0, 0.9)
4051,479 -- (79.9, 0.1, -94.9) -- (0.0, 0.5, 0.0, 0.9)
4060,085 -- (79.9, 0.1, -94.9) -- (0.0, 0.5, 0.0, 0.9)
4070,358 -- (79.9, 0.1, -94.9) -- (0.0, 0.5, 0.0, 0.9)
4078,087 -- (79.9, 0.1, -94.9) -- (0.0, 0.5, 0.0, 0.9)
4087,128 -- (79.9, 0.1, -94.9) -- (0.0, 0.5, 0.0, 0.9)
4096,321 -- (79.9, 0.1, -94.9) -- (0.0, 0.5, 0.0, 0.9)
4105,601 -- (79.9, 0.1, -94.9) -- (0.0, 0.5, 0.0, 0.9)
4115,309 -- (79.9, 0.1, -94.9) -- (0.0, 0.5, 0.0, 0.9)
4125,65 -- (79.9, 0.1, -94.9) -- (0.0, 0.5, 0.0, 0.9)
4135,381 -- (79.9, 0.1, -94.9) -- (0.0, 0.5, 0.0, 0.9)
4144,969 -- (79.9, 0.1, -94.9) -- (0.0, 0.5, 0.0, 0.9)
4155,777 -- (79.9, 0.1, -94.9) -- (0.0, 0.5, 0.0, 0.9)
4164,97 -- (79.9, 0.1, -94.9) -- (0.0, 0.5, 0.0, 0.9)
4175,289 -- (79.9, 0.1, -94.9) -- (0.0, 0.5, 0.0, 0.9)
4204,631 -- (79.9, 0.1, -94.9) -- (0.0, 0.5, 0.0, 0.9)
4215,249 -- (79.9, 0.1, -94.9) -- (0.0, 0.5, 0.0, 0.9)
4224,932 -- (79.9, 0.1, -94.9) -- (0.0, 0.5, 0.0, 0.9)
4234,754 -- (79.9, 0.1, -94.9) -- (0.0, 0.5, 0.0, 0.9)
4242,496 -- (79.9, 0.1, -94.9) -- (0.0, 0.5, 0.0, 0.9)
4252,788 -- (79.9, 0.1, -94.9) -- (0.0, 0.5, 0.0, 0.9)
4260,73 -- (79.9, 0.1, -94.9) -- (0.0, 0.5, 0.0, 0.9)
4271,822 -- (79.9, 0.1, -94.9) -- (0.0, 0.5, 0.0, 0.9)
4280,543 -- (79.9, 0.1, -94.9) -- (0.0, 0.5, 0.0, 0.9)
4292,032 -- (79.9, 0.1, -94.9) -- (0.0, 0.5, 0.0, 0.9)
4300,669 -- (79.9, 0.1, -94.9) -- (0.0, 0.5, 0.0, 0.9)
4312,43 -- (79.9, 0.1, -94.9) -- (0.0, 0.5, 0.0, 0.9)
4323,532 -- (79.9, 0.1, -94.9) -- (0.0, 0.5, 0.0, 0.9)
4334,856 -- (79.9, 0.1, -94.9) -- (0.0, 0.5, 0.0, 0.9)
4364,54 -- (79.9, 0.1, -94.9) -- (0.0, 0.5, 0.0, 0.9)
4374,185 -- (79.9, 0.1, -94.9) -- (0.0, 0.5, 0.0, 0.9)
4382,783 -- (79.9, 0.1, -94.9) -- (0.0, 0.5, 0.0, 0.9)
4392,895 -- (79.9, 0.1, -94.9) -- (0.0, 0.5, 0.0, 0.9)
4400,819 -- (79.9, 0.1, -94.9) -- (0.0, 0.5, 0.0, 0.9)
4411,292 -- (79.9, 0.1, -94.9) -- (0.0, 0.5, 0.0, 0.9)
4419,441 -- (79.9, 0.1, -94.9) -- (0.0, 0.5, 0.0, 0.9)
4428,982 -- (79.9, 0.1, -94.9) -- (0.0, 0.5, 0.0, 0.9)
4437,754 -- (79.9, 0.1, -94.9) -- (0.0, 0.5, 0.0, 0.9)
4447,153 -- (79.9, 0.1, -94.9) -- (0.0, 0.5, 0.0, 0.9)
4456,062 -- (79.9, 0.1, -94.9) -- (0.0, 0.5, 0.0, 0.9)
4464,833 -- (79.9, 0.1, -94.9) -- (0.0, 0.5, 0.0, 0.9)
4476,279 -- (79.9, 0.1, -94.9) -- (0.0, 0.5, 0.0, 0.9)
4485,994 -- (79.9, 0.1, -94.9) -- (0.0, 0.5, 0.0, 0.9)
4514,743 -- (79.9, 0.1, -94.9) -- (0.0, 0.5, 0.0, 0.9)
4524,635 -- (79.9, 0.1, -94.9) -- (0.0, 0.5, 0.0, 0.9)
4533,671 -- (79.9, 0.1, -94.9) -- (0.0, 0.5, 0.0, 0.9)
4541,667 -- (79.9, 0.1, -94.9) -- (0.0, 0.5, 0.0, 0.9)
4551,198 -- (79.9, 0.1, -94.9) -- (0.0, 0.5, 0.0, 0.9)
4559,006 -- (79.9, 0.1, -94.9) -- (0.0, 0.5, 0.0, 0.9)
4569,603 -- (79.9, 0.1, -94.9) -- (0.0, 0.5, 0.0, 0.9)
4578,345 -- (79.9, 0.1, -94.9) -- (0.0, 0.5, 0.0, 0.9)
4586,576 -- (79.9, 0.1, -94.9) -- (0.0, 0.5, 0.0, 0.9)
4595,397 -- (79.9, 0.1, -94.9) -- (0.0, 0.5, 0.0, 0.9)
4603,306 -- (79.9, 0.1, -94.9) -- (0.0, 0.5, 0.0, 0.9)
4612,215 -- (79.9, 0.1, -94.9) -- (0.0, 0.5, 0.0, 0.9)
4619,812 -- (79.9, 0.1, -94.9) -- (0.0, 0.5, 0.0, 0.9)
4628,378 -- (79.9, 0.1, -94.9) -- (0.0, 0.5, 0.0, 0.9)
4637,441 -- (79.9, 0.1, -94.9) -- (0.0, 0.5, 0.0, 0.9)
4668,493 -- (79.9, 0.1, -94.9) -- (0.0, 0.5, 0.0, 0.9)
4677,177 -- (79.9, 0.1, -94.9) -- (0.0, 0.5, 0.0, 0.9)
4685,354 -- (79.9, 0.1, -94.9) -- (0.0, 0.5, 0.0, 0.9)
4694,401 -- (79.9, 0.1, -94.9) -- (0.0, 0.5, 0.0, 0.9)
4703,046 -- (79.9, 0.1, -94.9) -- (0.0, 0.5, 0.0, 0.9)
4715,55 -- (79.9, 0.1, -94.9) -- (0.0, 0.5, 0.0, 0.9)
4727,521 -- (79.9, 0.1, -94.9) -- (0.0, 0.5, 0.0, 0.9)
4737,046 -- (79.9, 0.1, -94.9) -- (0.0, 0.5, 0.0, 0.9)
4746,47 -- (79.9, 0.1, -94.9) -- (0.0, 0.5, 0.0, 0.9)
4756,955 -- (79.9, 0.1, -94.9) -- (0.0, 0.5, 0.0, 0.9)
4766,564 -- (79.9, 0.1, -94.9) -- (0.0, 0.5, 0.0, 0.9)
4775,515 -- (79.9, 0.1, -94.9) -- (0.0, 0.5, 0.0, 0.9)
4785,334 -- (79.9, 0.1, -94.9) -- (0.0, 0.5, 0.0, 0.9)
4795,852 -- (79.9, 0.1, -94.9) -- (0.0, 0.5, 0.0, 0.9)
4834,672 -- (79.9, 0.1, -94.9) -- (0.0, 0.5, 0.0, 0.9)
4845,774 -- (79.9, 0.1, -94.9) -- (0.0, 0.5, 0.0, 0.9)
4856,233 -- (79.9, 0.1, -94.9) -- (0.0, 0.5, 0.0, 0.9)
4866,383 -- (79.9, 0.1, -94.9) -- (0.0, 0.5, 0.0, 0.9)
4876,253 -- (79.9, 0.1, -94.9) -- (0.0, 0.5, 0.0, 0.9)
4888,507 -- (79.9, 0.1, -94.9) -- (0.0, 0.5, 0.0, 0.9)
4900,475 -- (79.9, 0.1, -94.9) -- (0.0, 0.5, 0.0, 0.9)
4914,518 -- (79.9, 0.1, -94.9) -- (0.0, 0.5, 0.0, 0.9)
4924,917 -- (79.9, 0.1, -94.9) -- (0.0, 0.5, 0.0, 0.9)
4934,238 -- (79.9, 0.1, -94.9) -- (0.0, 0.5, 0.0, 0.9)
4942,439 -- (79.9, 0.1, -94.9) -- (0.0, 0.5, 0.0, 0.9)
4953,465 -- (79.9, 0.1, -94.9) -- (0.0, 0.5, 0.0, 0.9)
4988,686 -- (79.9, 0.1, -94.9) -- (0.0, 0.5, 0.0, 0.9)
5002,404 -- (79.9, 0.1, -94.9) -- (0.0, 0.5, 0.0, 0.9)
5016,539 -- (79.9, 0.1, -94.9) -- (0.0, 0.5, 0.0, 0.9)
5026,821 -- (79.9, 0.1, -94.9) -- (0.0, 0.5, 0.0, 0.9)
5037,296 -- (79.9, 0.1, -94.9) -- (0.0, 0.5, 0.0, 0.9)
5047,659 -- (79.9, 0.1, -94.9) -- (0.0, 0.5, 0.0, 0.9)
5057,287 -- (79.9, 0.1, -94.9) -- (0.0, 0.5, 0.0, 0.9)
5068,447 -- (79.9, 0.1, -94.9) -- (0.0, 0.5, 0.0, 0.9)
5079,274 -- (79.9, 0.1, -94.9) -- (0.0, 0.5, 0.0, 0.9)
5088,82 -- (79.9, 0.1, -94.9) -- (0.0, 0.5, 0.0, 0.9)
5099,091 -- (79.9, 0.1, -94.9) -- (0.0, 0.5, 0.0, 0.9)
5109,323 -- (79.9, 0.1, -94.9) -- (0.0, 0.5, 0.0, 0.9)
5140,342 -- (79.9, 0.1, -94.9) -- (0.0, 0.5, 0.0, 0.9)
5153,207 -- (79.9, 0.1, -94.9) -- (0.0, 0.5, 0.0, 0.9)
5168,229 -- (79.9, 0.1, -94.9) -- (0.0, 0.5, 0.0, 0.9)
5187,687 -- (79.9, 0.1, -94.9) -- (0.0, 0.5, 0.0, 0.9)
5198,869 -- (79.9, 0.1, -94.9) -- (0.0, 0.5, 0.0, 0.9)
5211,703 -- (79.9, 0.1, -94.9) -- (0.0, 0.5, 0.0, 0.9)
5224,995 -- (79.9, 0.1, -94.9) -- (0.0, 0.5, 0.0, 0.9)
5234,671 -- (79.9, 0.1, -94.9) -- (0.0, 0.5, 0.0, 0.9)
5245,14 -- (79.9, 0.1, -94.9) -- (0.0, 0.5, 0.0, 0.9)
5255,217 -- (79.9, 0.1, -94.9) -- (0.0, 0.5, 0.0, 0.9)
5264,141 -- (79.9, 0.1, -94.9) -- (0.0, 0.5, 0.0, 0.9)
5294,339 -- (79.9, 0.1, -94.9) -- (0.0, 0.5, 0.0, 0.9)
5304,283 -- (79.9, 0.1, -94.9) -- (0.0, 0.5, 0.0, 0.9)
5315,547 -- (79.9, 0.1, -94.9) -- (0.0, 0.5, 0.0, 0.9)
5325,353 -- (79.9, 0.1, -94.9) -- (0.0, 0.5, 0.0, 0.9)
5336,416 -- (79.9, 0.1, -94.9) -- (0.0, 0.5, 0.0, 0.9)
5345,755 -- (79.9, 0.1, -94.9) -- (0.0, 0.5, 0.0, 0.9)
5355,794 -- (79.9, 0.1, -94.9) -- (0.0, 0.5, 0.0, 0.9)
5515,123 -- (79.9, 0.1, -94.9) -- (0.0, 0.5, 0.0, 0.9)
5578,128 -- (79.9, 0.1, -94.9) -- (0.0, 0.5, 0.0, 0.9)
5592,982 -- (79.9, 0.1, -94.9) -- (0.0, 0.5, 0.0, 0.9)
5611,234 -- (79.9, 0.1, -94.8) -- (0.0, 0.5, 0.0, 0.9)
5620,092 -- (79.9, 0.1, -94.8) -- (0.0, 0.5, 0.0, 0.9)
5629,891 -- (79.9, 0.1, -94.8) -- (0.0, 0.5, 0.0, 0.9)
5637,467 -- (79.9, 0.1, -94.8) -- (0.0, 0.5, 0.0, 0.9)
5646,033 -- (79.9, 0.1, -94.8) -- (0.0, 0.5, 0.0, 0.9)
5657,953 -- (79.9, 0.1, -94.8) -- (0.0, 0.5, 0.0, 0.9)
5671,063 -- (79.9, 0.1, -94.8) -- (0.0, 0.5, 0.0, 0.9)
5701,253 -- (80.0, 0.1, -94.8) -- (0.0, 0.5, 0.0, 0.9)
5713,864 -- (80.0, 0.1, -94.8) -- (0.0, 0.5, 0.0, 0.9)
5722,503 -- (80.0, 0.1, -94.8) -- (0.0, 0.5, 0.0, 0.9)
5733,218 -- (80.0, 0.1, -94.8) -- (0.0, 0.5, 0.0, 0.9)
5741,644 -- (80.0, 0.1, -94.8) -- (0.0, 0.5, 0.0, 0.9)
5752,157 -- (80.0, 0.1, -94.8) -- (0.0, 0.5, 0.0, 0.9)
5760,843 -- (80.0, 0.1, -94.8) -- (0.0, 0.5, 0.0, 0.9)
5771,504 -- (80.0, 0.1, -94.8) -- (0.0, 0.5, 0.0, 0.9)
5779,891 -- (80.0, 0.1, -94.8) -- (0.0, 0.5, 0.0, 0.9)
5789,545 -- (80.0, 0.1, -94.8) -- (0.0, 0.5, 0.0, 0.9)
5798,472 -- (80.0, 0.1, -94.8) -- (0.0, 0.5, 0.0, 0.9)
5807,625 -- (80.0, 0.1, -94.8) -- (0.0, 0.5, 0.0, 0.9)
5816,93 -- (80.0, 0.1, -94.8) -- (0.0, 0.5, 0.0, 0.9)
5826,493 -- (80.1, 0.1, -94.8) -- (0.0, 0.5, 0.0, 0.9)
5856,86 -- (80.1, 0.1, -94.8) -- (0.0, 0.5, 0.0, 0.9)
5866,184 -- (80.1, 0.1, -94.7) -- (0.0, 0.5, 0.0, 0.9)
5875,666 -- (80.1, 0.1, -94.7) -- (0.0, 0.5, 0.0, 0.9)
5885,06 -- (80.1, 0.1, -94.7) -- (0.0, 0.5, 0.0, 0.9)
5893,834 -- (80.1, 0.1, -94.7) -- (0.0, 0.5, 0.0, 0.9)
5901,92 -- (80.2, 0.1, -94.7) -- (0.0, 0.5, 0.0, 0.9)
5912,118 -- (80.2, 0.1, -94.7) -- (0.0, 0.5, 0.0, 0.9)
5920,404 -- (80.2, 0.1, -94.7) -- (0.0, 0.5, 0.0, 0.9)
5930,739 -- (80.2, 0.1, -94.7) -- (0.0, 0.5, 0.0, 0.9)
5938,486 -- (80.2, 0.1, -94.7) -- (0.0, 0.5, 0.0, 0.9)
5947,046 -- (80.3, 0.1, -94.6) -- (0.0, 0.5, 0.0, 0.9)
5955,95 -- (80.3, 0.1, -94.6) -- (0.0, 0.5, 0.0, 0.9)
5965,531 -- (80.3, 0.1, -94.6) -- (0.0, 0.5, 0.0, 0.9)
5974,097 -- (80.3, 0.1, -94.6) -- (0.0, 0.5, 0.0, 0.9)
5982,999 -- (80.4, 0.1, -94.6) -- (0.0, 0.5, 0.0, 0.9)
6012,559 -- (80.5, 0.1, -94.5) -- (0.0, 0.5, 0.0, 0.9)
6021,659 -- (80.5, 0.1, -94.5) -- (0.0, 0.5, 0.0, 0.9)
6031,119 -- (80.5, 0.1, -94.5) -- (0.0, 0.5, 0.0, 0.9)
6038,716 -- (80.5, 0.1, -94.5) -- (0.0, 0.5, 0.0, 0.9)
6047,117 -- (80.6, 0.1, -94.4) -- (0.0, 0.5, 0.0, 0.9)
6055,942 -- (80.6, 0.1, -94.4) -- (0.0, 0.5, 0.0, 0.9)
6064,932 -- (80.7, 0.1, -94.4) -- (0.0, 0.5, 0.0, 0.9)
6074,027 -- (80.7, 0.1, -94.4) -- (0.0, 0.5, 0.0, 0.9)
6081,734 -- (80.8, 0.1, -94.3) -- (0.0, 0.5, 0.0, 0.9)
6090,912 -- (80.8, 0.1, -94.3) -- (0.0, 0.5, 0.0, 0.9)
6098,285 -- (80.8, 0.1, -94.3) -- (0.0, 0.5, 0.0, 0.9)
6107,008 -- (80.9, 0.1, -94.3) -- (0.0, 0.5, 0.0, 0.9)
6116,241 -- (80.9, 0.1, -94.3) -- (0.0, 0.5, 0.0, 0.9)
6125,124 -- (81.0, 0.1, -94.2) -- (0.0, 0.5, 0.0, 0.9)
6134,239 -- (81.0, 0.1, -94.2) -- (0.0, 0.5, 0.0, 0.9)
6166,599 -- (81.3, 0.1, -94.1) -- (0.0, 0.5, 0.0, 0.9)
6177,917 -- (81.3, 0.1, -94.1) -- (0.0, 0.5, 0.0, 0.9)
6190,04 -- (81.4, 0.1, -94.0) -- (0.0, 0.5, 0.0, 0.9)
6199,093 -- (81.4, 0.1, -94.0) -- (0.0, 0.5, 0.0, 0.9)
6210,209 -- (81.5, 0.1, -93.9) -- (0.0, 0.5, 0.0, 0.9)
6224,577 -- (81.7, 0.1, -93.9) -- (0.0, 0.5, 0.0, 0.9)
6235,474 -- (81.7, 0.1, -93.9) -- (0.0, 0.5, 0.0, 0.9)
6244,759 -- (81.8, 0.1, -93.8) -- (0.0, 0.5, 0.0, 0.9)
6257,539 -- (81.8, 0.1, -93.8) -- (0.0, 0.5, 0.0, 0.9)
6267,783 -- (82.0, 0.1, -93.7) -- (0.0, 0.5, 0.0, 0.9)
6277,725 -- (82.0, 0.1, -93.7) -- (0.0, 0.5, 0.0, 0.9)
6291,515 -- (82.1, 0.1, -93.6) -- (0.0, 0.5, 0.0, 0.9)
6325,534 -- (82.5, 0.1, -93.4) -- (0.0, 0.5, 0.0, 0.9)
6339,024 -- (82.5, 0.1, -93.4) -- (0.0, 0.5, 0.0, 0.9)
6352,233 -- (82.6, 0.1, -93.3) -- (0.0, 0.5, 0.0, 0.9)
6364,608 -- (82.8, 0.1, -93.2) -- (0.0, 0.5, 0.0, 0.9)
6375,272 -- (82.8, 0.1, -93.2) -- (0.0, 0.5, 0.0, 0.9)
6387,205 -- (83.0, 0.1, -93.1) -- (0.0, 0.5, 0.0, 0.9)
6397,896 -- (83.0, 0.1, -93.1) -- (0.0, 0.5, 0.0, 0.9)
6407,543 -- (83.2, 0.1, -93.0) -- (0.0, 0.5, 0.0, 0.9)
6419,919 -- (83.2, 0.1, -93.0) -- (0.0, 0.5, 0.0, 0.9)
6430,647 -- (83.4, 0.1, -92.9) -- (0.0, 0.5, 0.0, 0.9)
6440,261 -- (83.5, 0.1, -92.8) -- (0.0, 0.5, 0.0, 0.9)
6454,022 -- (83.5, 0.1, -92.8) -- (0.0, 0.5, 0.0, 0.9)
6487,437 -- (84.0, 0.1, -92.5) -- (0.0, 0.5, 0.0, 0.9)
6500,363 -- (84.2, 0.1, -92.4) -- (0.0, 0.5, 0.0, 0.9)
6511,407 -- (84.2, 0.1, -92.4) -- (0.0, 0.5, 0.0, 0.9)
6522,826 -- (84.5, 0.1, -92.3) -- (0.0, 0.5, 0.0, 0.9)
6533,562 -- (84.5, 0.1, -92.3) -- (0.0, 0.5, 0.0, 0.9)
6542,287 -- (84.7, 0.1, -92.1) -- (0.0, 0.5, 0.0, 0.9)
6555,768 -- (84.7, 0.1, -92.1) -- (0.0, 0.5, 0.0, 0.9)
6565,86 -- (85.0, 0.1, -92.0) -- (0.0, 0.5, 0.0, 0.9)
6575,907 -- (85.0, 0.1, -92.0) -- (0.0, 0.5, 0.0, 0.9)
6588,146 -- (85.2, 0.1, -91.8) -- (0.0, 0.5, 0.0, 0.9)
6608,25 -- (85.5, 0.1, -91.7) -- (0.0, 0.5, 0.0, 0.9)
6642,939 -- (86.1, 0.1, -91.4) -- (0.0, 0.5, 0.0, 0.9)
6657,317 -- (86.1, 0.1, -91.4) -- (0.0, 0.5, 0.0, 0.9)
6671,987 -- (86.3, 0.1, -91.2) -- (0.0, 0.5, 0.0, 0.9)
6686,442 -- (86.6, 0.1, -91.1) -- (0.0, 0.5, 0.0, 0.9)
6697,24 -- (86.6, 0.1, -91.1) -- (0.0, 0.5, 0.0, 0.9)
6706,381 -- (86.9, 0.1, -90.9) -- (0.0, 0.5, 0.0, 0.9)
6719,634 -- (86.9, 0.1, -90.9) -- (0.0, 0.5, 0.0, 0.9)
6733,572 -- (87.2, 0.1, -90.7) -- (0.0, 0.5, 0.0, 0.9)
6744,517 -- (87.5, 0.1, -90.5) -- (0.0, 0.5, 0.0, 0.9)
6759,043 -- (87.5, 0.1, -90.5) -- (0.0, 0.5, 0.0, 0.9)
6792,466 -- (88.2, 0.1, -90.2) -- (0.0, 0.5, 0.0, 0.9)
6801,043 -- (88.5, 0.1, -90.0) -- (0.0, 0.5, 0.0, 0.9)
6814,928 -- (88.5, 0.1, -90.0) -- (0.0, 0.5, 0.0, 0.9)
6823,976 -- (88.8, 0.1, -89.8) -- (0.0, 0.5, 0.0, 0.9)
6832,909 -- (88.8, 0.1, -89.8) -- (0.0, 0.5, 0.0, 0.9)
6840,615 -- (89.2, 0.1, -89.6) -- (0.0, 0.5, 0.0, 0.9)
6854,313 -- (89.2, 0.1, -89.6) -- (0.0, 0.5, 0.0, 0.9)
6862,733 -- (89.5, 0.1, -89.4) -- (0.0, 0.5, 0.0, 0.9)
6871,837 -- (89.5, 0.1, -89.4) -- (0.0, 0.5, 0.0, 0.9)
6883,757 -- (89.9, 0.1, -89.2) -- (0.0, 0.5, 0.0, 0.9)
6892,746 -- (89.9, 0.1, -89.2) -- (0.0, 0.5, 0.0, 0.9)
6900,598 -- (90.2, 0.1, -89.0) -- (0.0, 0.5, 0.0, 0.9)
6910,329 -- (90.2, 0.1, -89.0) -- (0.0, 0.5, 0.0, 0.9)
6942,064 -- (91.0, 0.1, -88.6) -- (0.0, 0.5, 0.0, 0.9)
6954,857 -- (91.0, 0.1, -88.6) -- (0.0, 0.5, 0.0, 0.9)
6963,744 -- (91.4, 0.1, -88.4) -- (0.0, 0.5, 0.0, 0.9)
6972,416 -- (91.4, 0.1, -88.4) -- (0.0, 0.5, 0.0, 0.9)
6982,654 -- (91.7, 0.1, -88.2) -- (0.0, 0.5, 0.0, 0.9)
6991,971 -- (91.7, 0.1, -88.2) -- (0.0, 0.5, 0.0, 0.9)
6999,044 -- (91.7, 0.1, -88.2) -- (0.0, 0.5, 0.0, 0.9)
7006,984 -- (92.1, 0.1, -87.9) -- (0.0, 0.5, 0.0, 0.9)
7018,548 -- (92.1, 0.1, -87.9) -- (0.0, 0.5, 0.0, 0.9)
7027,483 -- (92.5, 0.1, -87.7) -- (0.0, 0.5, 0.0, 0.9)
7036,376 -- (92.5, 0.1, -87.7) -- (0.0, 0.5, 0.0, 0.9)
7047,837 -- (92.9, 0.1, -87.5) -- (0.0, 0.5, 0.0, 0.9)
7056,043 -- (92.9, 0.1, -87.5) -- (0.0, 0.5, 0.0, 0.9)
7065,076 -- (93.4, 0.1, -87.3) -- (0.0, 0.5, 0.0, 0.9)
7096,163 -- (93.8, 0.1, -87.0) -- (0.0, 0.5, 0.0, 0.9)
7104,85 -- (94.2, 0.1, -86.8) -- (0.0, 0.5, 0.0, 0.9)
7117,398 -- (94.2, 0.1, -86.8) -- (0.0, 0.5, 0.0, 0.9)
7126,149 -- (94.7, 0.1, -86.5) -- (0.0, 0.5, 0.0, 0.9)
7135,772 -- (94.7, 0.1, -86.5) -- (0.0, 0.5, 0.0, 0.9)
7148,579 -- (95.1, 0.1, -86.3) -- (0.0, 0.5, 0.0, 0.9)
7157,592 -- (95.1, 0.1, -86.3) -- (0.0, 0.5, 0.0, 0.9)
7167,366 -- (95.5, 0.1, -86.0) -- (0.0, 0.5, 0.0, 0.9)
7179,254 -- (95.5, 0.1, -86.0) -- (0.0, 0.5, 0.0, 0.9)
7189,256 -- (96.0, 0.1, -85.8) -- (0.0, 0.5, 0.0, 0.9)
7198,878 -- (96.0, 0.1, -85.8) -- (0.0, 0.5, 0.0, 0.9)
7211,782 -- (96.5, 0.1, -85.5) -- (0.0, 0.5, 0.0, 0.9)
7220,685 -- (96.9, 0.1, -85.3) -- (0.0, 0.5, 0.0, 0.9)
7254,28 -- (97.4, 0.1, -85.0) -- (0.0, 0.5, 0.0, 0.9)
7262,644 -- (97.9, 0.1, -84.7) -- (0.0, 0.5, 0.0, 0.9)
7272,093 -- (97.9, 0.1, -84.7) -- (0.0, 0.5, 0.0, 0.9)
7282,031 -- (98.4, 0.1, -84.4) -- (0.0, 0.5, 0.0, 0.9)
7290,929 -- (98.4, 0.1, -84.4) -- (0.0, 0.5, 0.0, 0.9)
7297,765 -- (98.4, 0.1, -84.4) -- (0.0, 0.5, 0.0, 0.9)
7305,579 -- (98.9, 0.1, -84.2) -- (0.0, 0.5, 0.0, 0.9)
7316,595 -- (98.9, 0.1, -84.2) -- (0.0, 0.5, 0.0, 0.9)
7324,697 -- (99.4, 0.1, -83.9) -- (0.0, 0.5, 0.0, 0.9)
7333,385 -- (99.4, 0.1, -83.9) -- (0.0, 0.5, 0.0, 0.9)
7343,503 -- (99.9, 0.1, -83.6) -- (0.0, 0.5, 0.0, 0.9)
7352,366 -- (99.9, 0.1, -83.6) -- (0.0, 0.5, 0.0, 0.9)
7359,044 -- (99.9, 0.1, -83.6) -- (0.0, 0.5, 0.0, 0.9)
7366,95 -- (100.4, 0.1, -83.3) -- (0.0, 0.5, 0.0, 0.9)
7378,184 -- (100.4, 0.1, -83.3) -- (0.0, 0.5, 0.0, 0.9)
7410,708 -- (101.4, 0.1, -82.7) -- (0.0, 0.5, 0.0, 0.9)
7418,801 -- (101.4, 0.1, -82.7) -- (0.0, 0.5, 0.0, 0.9)
7426,445 -- (102.0, 0.1, -82.4) -- (0.0, 0.5, 0.0, 0.9)
7434,757 -- (102.0, 0.1, -82.4) -- (0.0, 0.5, 0.0, 0.9)
7445,169 -- (102.5, 0.1, -82.1) -- (0.0, 0.5, 0.0, 0.9)
7453,366 -- (102.5, 0.1, -82.1) -- (0.0, 0.5, 0.0, 0.9)
7460,25 -- (103.1, 0.1, -81.8) -- (0.0, 0.5, 0.0, 0.9)
7469,939 -- (103.1, 0.1, -81.8) -- (0.0, 0.5, 0.0, 0.9)
7479,92 -- (103.1, 0.1, -81.8) -- (0.0, 0.5, 0.0, 0.9)
7487,62 -- (103.6, 0.1, -81.5) -- (0.0, 0.5, 0.0, 0.9)
7495,372 -- (103.6, 0.1, -81.5) -- (0.0, 0.5, 0.0, 0.9)
7502,419 -- (104.2, 0.1, -81.2) -- (0.0, 0.5, 0.0, 0.9)
7514,275 -- (104.2, 0.1, -81.2) -- (0.0, 0.5, 0.0, 0.9)
7521,119 -- (104.8, 0.1, -80.8) -- (0.0, 0.5, 0.0, 0.9)
7530,552 -- (104.8, 0.1, -80.8) -- (0.0, 0.5, 0.0, 0.9)
7561,777 -- (105.9, 0.0, -80.2) -- (0.0, 0.5, 0.0, 0.9)
7573,742 -- (105.9, 0.0, -80.2) -- (0.0, 0.5, 0.0, 0.9)
7580,737 -- (106.5, 0.0, -79.9) -- (0.0, 0.5, 0.0, 0.9)
7590,503 -- (106.5, 0.0, -79.9) -- (0.0, 0.5, 0.0, 0.9)
7597,179 -- (106.5, 0.0, -79.9) -- (0.0, 0.5, 0.0, 0.9)
7607,483 -- (107.1, 0.0, -79.5) -- (0.0, 0.5, 0.0, 0.9)
7615,304 -- (107.1, 0.0, -79.5) -- (0.0, 0.5, 0.0, 0.9)
7622,253 -- (107.7, 0.0, -79.2) -- (0.0, 0.5, 0.0, 0.9)
7630,849 -- (107.7, 0.0, -79.2) -- (0.0, 0.5, 0.0, 0.9)
7642,184 -- (108.3, 0.0, -78.8) -- (0.0, 0.5, 0.0, 0.9)
7650,813 -- (108.3, 0.0, -78.8) -- (0.0, 0.5, 0.0, 0.9)
7657,522 -- (108.3, 0.0, -78.8) -- (0.0, 0.5, 0.0, 0.9)
7666,246 -- (108.9, 0.1, -78.5) -- (0.0, 0.5, 0.0, 0.9)
7677,157 -- (108.9, 0.1, -78.5) -- (0.0, 0.5, 0.0, 0.9)
7685,528 -- (109.6, 0.1, -78.1) -- (0.0, 0.5, 0.0, 0.9)
7719,802 -- (110.2, 0.1, -77.8) -- (0.0, 0.5, 0.0, 0.9)
7729,541 -- (110.8, 0.1, -77.4) -- (0.0, 0.5, 0.0, 0.9)
7739,651 -- (110.8, 0.1, -77.4) -- (0.0, 0.5, 0.0, 0.9)
7747,61 -- (111.4, 0.1, -77.1) -- (0.0, 0.5, 0.0, 0.9)
7755,013 -- (111.4, 0.1, -77.1) -- (0.0, 0.5, 0.0, 0.9)
7762,416 -- (112.1, 0.0, -76.7) -- (0.0, 0.5, 0.0, 0.9)
7774,001 -- (112.1, 0.0, -76.7) -- (0.0, 0.5, 0.0, 0.9)
7782,189 -- (112.7, 0.0, -76.3) -- (0.0, 0.5, 0.0, 0.9)
7790,861 -- (112.7, 0.0, -76.3) -- (0.0, 0.5, 0.0, 0.9)
7797,477 -- (112.7, 0.0, -76.3) -- (0.0, 0.5, 0.0, 0.9)
7815,478 -- (113.4, 0.0, -76.0) -- (0.0, 0.5, 0.0, 0.9)
7823,251 -- (114.1, 0.0, -75.6) -- (0.0, 0.5, 0.0, 0.9)
7832,102 -- (114.1, 0.0, -75.6) -- (0.0, 0.5, 0.0, 0.9)
7842,082 -- (114.7, 0.0, -75.2) -- (0.0, 0.5, 0.0, 0.9)
7873,845 -- (115.4, 0.0, -74.8) -- (0.0, 0.5, 0.0, 0.9)
7881,133 -- (116.1, 0.0, -74.4) -- (0.0, 0.5, 0.0, 0.9)
7890,418 -- (116.1, 0.0, -74.4) -- (0.0, 0.5, 0.0, 0.9)
7897,114 -- (116.1, 0.0, -74.4) -- (0.0, 0.5, 0.0, 0.9)
7907,969 -- (116.8, 0.1, -74.0) -- (0.0, 0.5, 0.0, 0.9)
7915,951 -- (116.8, 0.1, -74.0) -- (0.0, 0.5, 0.0, 0.9)
7924,09 -- (117.5, 0.0, -73.6) -- (0.0, 0.5, 0.0, 0.9)
7932,55 -- (117.5, 0.0, -73.6) -- (0.0, 0.5, 0.0, 0.9)
7941,757 -- (118.2, 0.0, -73.2) -- (0.0, 0.5, 0.0, 0.9)
7950,947 -- (118.2, 0.0, -73.2) -- (0.0, 0.5, 0.0, 0.9)
7957,604 -- (118.2, 0.0, -73.2) -- (0.0, 0.5, 0.0, 0.9)
7965,028 -- (118.9, 0.0, -72.8) -- (0.0, 0.5, 0.0, 0.9)
7975,448 -- (118.9, 0.0, -72.8) -- (0.0, 0.5, 0.0, 0.9)
7981,838 -- (119.6, 0.1, -72.4) -- (0.0, 0.5, 0.0, 0.9)
7990,992 -- (119.6, 0.1, -72.4) -- (0.0, 0.5, 0.0, 0.9)
7997,783 -- (119.6, 0.1, -72.4) -- (0.0, 0.5, 0.0, 0.9)
8030,745 -- (121.1, 0.0, -71.6) -- (0.0, 0.5, 0.0, 0.9)
8041,275 -- (121.8, 0.0, -71.2) -- (0.0, 0.5, 0.0, 0.9)
8049,873 -- (121.8, 0.0, -71.2) -- (0.0, 0.5, 0.0, 0.9)
8056,163 -- (121.8, 0.0, -71.2) -- (0.0, 0.5, 0.0, 0.9)
8062,245 -- (122.6, 0.0, -70.7) -- (0.0, 0.5, 0.0, 0.9)
8073,677 -- (122.6, 0.0, -70.7) -- (0.0, 0.5, 0.0, 0.9)
8080,27 -- (123.3, 0.0, -70.3) -- (0.0, 0.5, 0.0, 0.9)
8089,799 -- (123.3, 0.0, -70.3) -- (0.0, 0.5, 0.0, 0.9)
8095,853 -- (123.3, 0.0, -70.3) -- (0.0, 0.5, 0.0, 0.9)
8105,708 -- (124.1, 0.0, -69.9) -- (0.0, 0.5, 0.0, 0.9)
8113,481 -- (124.1, 0.0, -69.9) -- (0.0, 0.5, 0.0, 0.9)
8119,495 -- (124.1, 0.0, -69.9) -- (0.0, 0.5, 0.0, 0.9)
8126,282 -- (124.8, 0.0, -69.4) -- (0.0, 0.5, 0.0, 0.9)
8136,635 -- (124.8, 0.0, -69.4) -- (0.0, 0.5, 0.0, 0.9)
8144,147 -- (125.6, 0.0, -69.0) -- (0.0, 0.5, 0.0, 0.9)
8151,982 -- (125.6, 0.0, -69.0) -- (0.0, 0.5, 0.0, 0.9)
8181,631 -- (127.2, 0.0, -68.1) -- (0.0, 0.5, 0.0, 0.9)
8190,004 -- (127.2, 0.0, -68.1) -- (0.0, 0.5, 0.0, 0.9)
8196,597 -- (127.2, 0.0, -68.1) -- (0.0, 0.5, 0.0, 0.9)
8209,578 -- (128.0, 0.0, -67.7) -- (0.0, 0.5, 0.0, 0.9)
8217,246 -- (128.0, 0.0, -67.7) -- (0.0, 0.5, 0.0, 0.9)
8224,16 -- (128.8, 0.0, -67.2) -- (0.0, 0.5, 0.0, 0.9)
8234,939 -- (128.8, 0.0, -67.2) -- (0.0, 0.5, 0.0, 0.9)
8240,943 -- (129.6, 0.0, -66.7) -- (0.0, 0.5, 0.0, 0.9)
8249,223 -- (129.6, 0.0, -66.7) -- (0.0, 0.5, 0.0, 0.9)
8255,231 -- (129.6, 0.0, -66.7) -- (0.0, 0.5, 0.0, 0.9)
8261,166 -- (130.4, 0.0, -66.3) -- (0.0, 0.5, 0.0, 0.9)
8272,132 -- (130.4, 0.0, -66.3) -- (0.0, 0.5, 0.0, 0.9)
8278,26 -- (130.4, 0.0, -66.3) -- (0.0, 0.5, 0.0, 0.9)
8284,833 -- (131.2, 0.0, -65.8) -- (0.0, 0.5, 0.0, 0.9)
8292,43 -- (131.2, 0.0, -65.8) -- (0.0, 0.5, 0.0, 0.9)
8301,285 -- (132.0, 0.0, -65.4) -- (0.0, 0.5, 0.0, 0.9)
8309,622 -- (132.0, 0.0, -65.4) -- (0.0, 0.5, 0.0, 0.9)
8338,146 -- (132.8, 0.0, -64.9) -- (0.0, 0.5, 0.0, 0.9)
8346,125 -- (133.7, 0.0, -64.4) -- (0.0, 0.5, 0.0, 0.9)
8353,818 -- (133.7, 0.0, -64.4) -- (0.0, 0.5, 0.0, 0.9)
8359,584 -- (133.7, 0.0, -64.4) -- (0.0, 0.5, 0.0, 0.9)
8370,236 -- (134.5, 0.0, -63.9) -- (0.0, 0.5, 0.0, 0.9)
8376,928 -- (134.5, 0.0, -63.9) -- (0.0, 0.5, 0.0, 0.9)
8383,355 -- (135.4, 0.0, -63.4) -- (0.0, 0.5, 0.0, 0.9)
8390,808 -- (135.4, 0.0, -63.4) -- (0.0, 0.5, 0.0, 0.9)
8400,255 -- (136.2, 0.0, -62.9) -- (0.0, 0.5, 0.0, 0.9)
8408,248 -- (136.2, 0.0, -62.9) -- (0.0, 0.5, 0.0, 0.9)
8414,395 -- (136.2, 0.0, -62.9) -- (0.0, 0.5, 0.0, 0.9)
8420,268 -- (137.1, 0.0, -62.5) -- (0.0, 0.5, 0.0, 0.9)
8428,178 -- (137.1, 0.0, -62.5) -- (0.0, 0.5, 0.0, 0.9)
8437,21 -- (137.1, 0.0, -62.5) -- (0.0, 0.5, 0.0, 0.9)
8443,179 -- (138.0, 0.0, -62.0) -- (0.0, 0.5, 0.0, 0.9)
8451,271 -- (138.0, 0.0, -62.0) -- (0.0, 0.5, 0.0, 0.9)
8457,232 -- (138.0, 0.0, -62.0) -- (0.0, 0.5, 0.0, 0.9)
8467,779 -- (138.0, 0.1, -61.7) -- (0.0, 0.5, 0.0, 0.9)
8499,129 -- (137.8, 0.2, -61.4) -- (0.0, 0.5, 0.0, 0.8)
8507,537 -- (137.8, 0.2, -61.2) -- (0.0, 0.6, 0.0, 0.8)
8514,38 -- (137.8, 0.2, -61.2) -- (0.0, 0.6, 0.0, 0.8)
8520,29 -- (137.7, 0.3, -60.9) -- (0.0, 0.6, 0.0, 0.8)
8531,635 -- (137.7, 0.3, -60.9) -- (0.0, 0.6, 0.0, 0.8)
8537,705 -- (137.7, 0.3, -60.9) -- (0.0, 0.6, 0.0, 0.8)
8544,041 -- (137.6, 0.3, -60.7) -- (0.0, 0.6, 0.0, 0.8)
8551,609 -- (137.6, 0.3, -60.7) -- (0.0, 0.6, 0.0, 0.8)
8557,475 -- (137.6, 0.3, -60.7) -- (0.0, 0.6, 0.0, 0.8)
8568,097 -- (137.5, 0.4, -60.5) -- (0.0, 0.6, 0.0, 0.8)
8574,836 -- (137.5, 0.4, -60.5) -- (0.0, 0.6, 0.0, 0.8)
8580,537 -- (137.5, 0.4, -60.2) -- (0.0, 0.7, -0.1, 0.7)
8588,174 -- (137.5, 0.4, -60.2) -- (0.0, 0.7, -0.1, 0.7)
8598,366 -- (137.5, 0.4, -60.2) -- (0.0, 0.7, -0.1, 0.7)
8607,395 -- (137.4, 0.5, -60.0) -- (0.0, 0.7, -0.1, 0.7)
8614,867 -- (137.4, 0.5, -60.0) -- (0.0, 0.7, -0.1, 0.7)
8620,824 -- (137.4, 0.5, -59.8) -- (0.0, 0.7, -0.1, 0.7)
8648,04 -- (137.3, 0.6, -59.6) -- (0.0, 0.7, -0.1, 0.7)
8654,795 -- (137.3, 0.6, -59.6) -- (0.0, 0.7, -0.1, 0.7)
8660,734 -- (137.3, 0.6, -59.4) -- (0.0, 0.8, -0.1, 0.6)
8668,927 -- (137.3, 0.6, -59.4) -- (0.0, 0.8, -0.1, 0.6)
8675,146 -- (137.3, 0.6, -59.4) -- (0.0, 0.8, -0.1, 0.6)
8680,957 -- (137.2, 0.6, -59.2) -- (0.0, 0.8, -0.1, 0.6)
8688,663 -- (137.2, 0.6, -59.2) -- (0.0, 0.8, -0.1, 0.6)
8694,428 -- (137.2, 0.6, -59.2) -- (0.0, 0.8, -0.1, 0.6)
8700,013 -- (137.2, 0.7, -59.0) -- (0.0, 0.8, -0.1, 0.6)
8707,331 -- (137.2, 0.7, -59.0) -- (0.0, 0.8, -0.1, 0.6)
8713,562 -- (137.2, 0.7, -59.0) -- (0.0, 0.8, -0.1, 0.6)
8719,98 -- (137.2, 0.7, -59.0) -- (0.0, 0.8, -0.1, 0.6)
8727,994 -- (137.1, 0.7, -58.7) -- (0.0, 0.8, -0.1, 0.6)
8735,501 -- (137.1, 0.7, -58.7) -- (0.0, 0.8, -0.1, 0.6)
8741,904 -- (137.1, 0.7, -58.5) -- (0.0, 0.8, -0.1, 0.5)
8749,858 -- (137.1, 0.7, -58.5) -- (0.0, 0.8, -0.1, 0.5)
8755,671 -- (137.1, 0.7, -58.5) -- (0.0, 0.8, -0.1, 0.5)
8762,561 -- (137.0, 0.7, -58.3) -- (0.0, 0.9, -0.1, 0.5)
8770,028 -- (137.0, 0.7, -58.3) -- (0.0, 0.9, -0.1, 0.5)
8776,131 -- (137.0, 0.7, -58.3) -- (0.0, 0.9, -0.1, 0.5)
8801,491 -- (137.0, 0.8, -57.8) -- (0.0, 0.9, -0.1, 0.5)
8809,853 -- (137.0, 0.8, -57.8) -- (0.0, 0.9, -0.1, 0.5)
8815,821 -- (137.0, 0.8, -57.8) -- (0.0, 0.9, -0.1, 0.5)
8821,77 -- (136.9, 0.8, -57.6) -- (0.0, 0.9, -0.1, 0.4)
8830,115 -- (136.9, 0.8, -57.6) -- (0.0, 0.9, -0.1, 0.4)
8836,054 -- (136.9, 0.8, -57.6) -- (0.0, 0.9, -0.1, 0.4)
8842,226 -- (136.9, 0.8, -57.4) -- (0.0, 0.9, -0.1, 0.4)
8850,728 -- (136.9, 0.8, -57.4) -- (0.0, 0.9, -0.1, 0.4)
8856,665 -- (136.9, 0.8, -57.4) -- (0.0, 0.9, -0.1, 0.4)
8877,799 -- (136.9, 0.8, -57.1) -- (0.0, 0.9, -0.1, 0.4)
8887,721 -- (136.8, 0.8, -56.9) -- (0.0, 0.9, -0.1, 0.3)
8894,951 -- (136.8, 0.8, -56.9) -- (0.0, 0.9, -0.1, 0.3)
8901,13 -- (136.8, 0.8, -56.7) -- (0.0, 0.9, -0.1, 0.3)
8910,141 -- (136.8, 0.8, -56.7) -- (0.0, 0.9, -0.1, 0.3)
8916,402 -- (136.8, 0.8, -56.7) -- (0.0, 0.9, -0.1, 0.3)
8923,533 -- (136.8, 0.8, -56.5) -- (0.0, 1.0, -0.1, 0.3)
8931,935 -- (136.8, 0.8, -56.5) -- (0.0, 1.0, -0.1, 0.3)
8958,395 -- (136.7, 0.8, -56.2) -- (0.0, 1.0, -0.1, 0.2)
8965,889 -- (136.7, 0.8, -56.0) -- (0.0, 1.0, -0.1, 0.2)
8973,398 -- (136.7, 0.8, -56.0) -- (0.0, 1.0, -0.1, 0.2)
8979,554 -- (136.7, 0.8, -56.0) -- (0.0, 1.0, -0.1, 0.2)
8994,954 -- (136.7, 0.8, -55.8) -- (0.0, 1.0, -0.1, 0.2)
